x <- 600851475143

asd 

